; Depth Map Surface Transform
; Line 1 of 7
-0.01000
-0.01000
-0.01000
-0.01000
-0.01000
-0.01000
-0.01000
; Line 2 of 7
0.45597
-0.01000
-0.09000
-0.02000
0.01000
-0.13000
-0.34180
; Line 3 of 7
0.14899
-0.02000
-0.04000
0.04000
0.01000
-0.10000
-0.06379
; Line 4 of 7
0.21000
-0.02000
-0.05000
0.00000
0.00000
0.00000
-0.11000
; Line 5 of 7
0.19278
0.06000
-0.02000
0.01000
0.01000
-0.02000
-0.12864
; Line 6 of 7
0.06764
0.11000
-0.01000
0.01000
0.01000
-0.03000
-0.15708
; Line 7 of 7
0.09000
0.09000
0.09000
0.09000
0.09000
0.09000
0.09000
